x1 = 12;
y1 = 5;
z1 = -2;
x2 = -8;
y2 = 4;
z2 = 22;

a = [x1, y1, z1];
b = [x2, y2, z2];
d = sqrt((x1 - x2)^2 + (y1 - y2)^2 + (z1 - z2)^2)

m1 = [1, 2, 3, 4, 5; 5, 6, 7, 8, 9];
m2 = m1(1:2,2:4)
